273.551119 423.137534 273.442657 394.373802 4.981111 0.125000 22.652567 
348.206775 140.753580 325.735115 139.114934 4.194616 0.125000 32.837232 
317.559724 394.372241 317.425413 421.889889 4.981637 0.125000 32.574189 
523.053851 406.682005 550.681095 408.541636 4.820812 0.125000 29.794890 
553.661621 411.875468 553.670641 425.625462 3.755739 0.125000 3.767986 
550.604050 429.546453 520.593904 425.879483 5.294191 0.125000 33.062525 
319.441664 426.873160 264.398393 429.812994 6.022655 0.125000 84.683860 
521.636574 423.314584 520.665340 409.285669 4.988061 0.125000 4.331186 
275.549100 134.378921 275.131650 259.377527 3.962880 0.125000 222.094096 
325.644698 139.132540 297.921469 136.880264 6.501856 0.125000 28.315269 
283.080809 390.145451 308.160251 389.504652 3.716848 0.125000 38.181650 
274.648288 393.751982 283.374868 389.948252 3.437634 0.125000 1.532907 
307.324858 390.162513 313.478572 391.779051 3.370736 0.031250 2.685173 
209.320855 255.149937 221.933955 256.031215 3.190922 0.125000 9.604584 
223.358829 256.818171 222.658055 269.348886 3.883743 0.125000 9.358628 
207.930053 269.418438 208.546584 254.443822 3.012095 0.125000 5.915153 
226.784200 247.082896 206.806662 246.413016 4.376259 0.125000 23.867328 
226.890347 278.125210 227.301260 248.096623 4.143029 0.125000 47.429846 
204.101743 249.370082 203.583286 278.178240 4.931713 0.125000 25.094224 
638.181015 200.262995 563.097932 197.653978 4.312059 0.125000 138.266492 
500.240608 309.734723 505.147713 297.926653 3.657792 0.125000 5.833400 
351.254080 211.883947 350.227607 140.648738 5.251623 0.125000 88.130497 
296.987214 137.216836 276.831583 134.726376 5.881980 0.125000 27.024016 
220.656183 270.086623 209.366024 269.889762 3.858392 0.125000 4.398520 
310.629964 392.827254 286.886564 392.431395 2.416302 0.125000 7.011905 
498.393137 350.636284 472.284192 344.984649 5.087957 0.125000 29.375546 
276.862466 260.462811 350.631478 261.312813 3.764153 0.125000 94.255138 
450.607476 224.369505 450.992016 310.623364 3.900427 0.125000 149.469599 
206.825640 278.238495 225.686676 278.921287 4.335429 0.125000 27.211560 
472.478709 345.249851 450.114965 340.554030 7.339939 0.125000 17.488411 
338.510430 259.439994 335.492226 219.291012 3.926857 0.125000 55.139676 
519.572117 356.108783 499.305538 350.895005 5.535506 0.125000 12.998884 
450.574684 314.284703 451.531353 326.994950 3.114423 0.125000 1.639253 
155.823059 352.728764 135.524753 353.927497 5.649599 0.125000 22.031239 
134.412999 353.904390 0.493779 360.433512 4.872327 0.125000 228.050404 
354.465072 336.309311 319.308476 337.946392 7.724457 0.125000 46.496039 
201.693313 106.559743 494.455549 130.906417 5.508460 0.125000 518.716192 
308.162683 339.091720 283.063690 339.518386 11.588312 0.125000 29.509486 
283.044457 338.374905 158.159730 342.845224 4.602886 0.125000 205.544723 
41.865949 255.073790 99.376320 255.340882 5.063804 0.125000 65.584135 
562.964212 197.423180 450.904762 223.096128 4.240009 0.125000 153.959319 
507.853709 301.781636 504.764181 310.758936 4.321081 0.062500 0.546037 
489.839007 326.699979 486.597616 341.256544 6.238917 0.125000 6.949850 
516.040074 339.016337 522.422164 346.402198 3.783256 0.062500 2.428856 
559.717275 364.039407 520.372187 355.546162 3.789518 0.125000 44.278248 
477.257105 342.019136 475.540279 331.681476 4.723275 0.125000 5.915153 
0.495746 88.377961 200.734789 105.598374 5.716342 0.125000 337.387256 
335.887878 217.516621 350.485964 211.535647 3.678924 0.125000 16.723961 
25.624656 253.452457 0.624684 253.426227 1.276230 0.125000 3.786404 
104.369869 116.947717 0.519492 109.620369 4.517277 0.125000 151.760295 
0.595330 256.525542 40.674289 255.782079 4.952773 0.125000 38.745088 
319.435363 337.726824 314.359460 337.621104 4.972887 0.125000 0.756209 
103.833544 220.638188 105.765205 116.854344 6.597839 0.125000 139.019646 
364.405703 336.185593 355.598543 336.046165 3.888036 0.125000 7.398764 
286.364616 176.287418 295.229058 166.389915 3.084989 0.125000 8.716658 
638.222530 361.134131 561.791650 365.371643 3.682679 0.125000 106.832675 
123.352481 478.194040 148.493214 395.357380 2.736824 0.125000 72.694564 
126.840899 253.307530 151.900373 257.989186 4.604445 0.125000 9.965243 
528.782627 348.117473 528.989087 331.870096 1.424610 0.125000 0.174044 
494.198913 130.454203 544.384584 134.248228 4.565964 0.125000 86.579836 
371.869656 335.573988 365.428442 336.248791 6.606706 0.125000 1.151674 
279.348126 396.723579 304.386859 396.243426 7.666384 0.125000 23.379315 
388.218435 335.227105 371.723222 335.960288 7.659119 0.125000 13.084118 
312.216062 243.134079 312.366008 258.145068 2.499875 0.125000 5.170877 
263.224503 431.801140 270.076582 441.032087 2.783378 0.125000 0.670918 
308.179085 258.232255 309.319156 244.370407 3.003890 0.125000 7.829280 
53.149797 249.750612 29.256367 251.327970 3.494831 0.125000 14.020902 
152.373469 391.649000 126.306839 478.330042 3.239769 0.125000 84.226901 
638.107224 390.374807 569.349066 395.259982 2.936651 0.125000 29.782505 
490.522305 346.072061 510.610839 350.686649 2.337678 0.125000 6.678798 
638.898751 76.007797 606.607303 91.310096 4.282315 0.125000 55.554249 
423.151233 336.455890 398.133095 336.652922 13.867703 0.125000 62.794116 
296.891772 178.173974 286.876269 178.034112 2.639388 0.125000 0.703387 
546.964596 136.871727 547.422306 149.400671 2.863413 0.125000 5.170877 
610.621409 195.909712 629.384190 196.146342 2.657435 0.125000 6.666887 
308.533121 167.286703 297.307161 178.560641 3.535526 0.125000 10.931463 
153.097398 221.810124 105.594053 220.703772 3.283310 0.125000 68.858982 
295.595272 165.789612 308.116011 166.052735 3.906749 0.125000 7.525999 
598.435775 59.957435 638.916255 38.357921 3.756919 0.125000 70.391876 
396.938679 334.076627 389.222296 334.592979 3.825091 0.125000 3.786404 
487.058322 321.696099 489.981475 304.267070 3.085841 0.125000 6.039570 
484.188348 148.105822 485.361522 213.152297 4.741206 0.125000 143.663618 
544.394913 150.326198 487.978956 146.566391 5.655153 0.125000 77.135248 
153.618714 251.877133 153.537612 223.123836 2.581082 0.125000 29.072924 
100.622982 255.197798 125.634231 255.079676 3.702731 0.125000 8.087599 
614.585261 133.751736 628.075051 129.226115 2.767753 0.125000 0.147484 
504.475139 296.816550 499.395147 288.113241 2.789239 0.125000 2.883314 
611.893176 389.640266 638.105759 387.844194 1.759770 0.125000 5.867784 
339.728803 213.127058 339.866917 189.377861 1.388095 0.125000 3.786404 
263.541679 437.913720 252.421012 415.981962 2.795041 0.125000 11.256446 
561.356764 218.105332 562.701469 268.136383 2.700605 0.125000 55.445513 
589.759794 147.962182 639.373372 130.402101 6.328863 0.125000 57.731875 
336.873576 195.624390 336.865044 213.124995 2.507313 0.125000 13.161086 
526.717362 413.279409 548.118647 415.681597 3.308306 0.125000 9.189039 
315.447901 419.314516 314.039056 394.323471 2.214614 0.125000 9.264760 
590.755113 185.619976 589.305660 148.079414 3.409619 0.125000 46.006907 
600.530683 79.379952 599.538555 60.485142 4.796488 0.125000 25.417410 
635.460788 176.215778 592.805221 186.841261 2.758591 0.125000 29.999806 
17.494167 0.246954 25.985831 14.154687 4.031506 0.125000 21.184562 
4.374741 250.485650 20.627008 250.455439 2.530202 0.125000 7.829280 
340.734380 189.555806 348.992942 184.559711 3.433069 0.125000 4.286159 
25.646143 14.376120 25.660960 30.626107 2.511396 0.125000 7.829280 
538.225858 109.592632 550.900228 103.718888 2.959733 0.125000 4.953386 
559.370249 260.625037 558.961081 208.128226 1.522749 0.125000 24.557474 
24.390502 32.944867 5.309635 -0.617025 7.159817 0.125000 68.653797 
531.801590 331.872085 531.157392 348.096507 2.547624 0.125000 5.867784 
247.131776 407.416627 231.322667 378.426199 2.395415 0.125000 9.876517 
526.818637 423.740081 548.005275 425.681531 2.499517 0.125000 8.375046 
276.215799 398.125714 276.240165 420.625688 1.270305 0.062500 0.302957 
246.502599 400.841976 258.597043 421.599968 2.253845 0.125000 7.526052 
561.374895 200.617731 561.192981 213.133256 1.413370 0.125000 0.756209 
0.609283 217.392843 100.630961 220.428591 3.674405 0.125000 80.785661 
260.471412 422.276729 271.802595 420.225105 3.244595 0.125000 4.129397 
284.367739 425.038992 299.379613 425.203160 1.413953 0.062500 3.786404 
326.010252 198.809964 334.793852 193.869703 3.676669 0.125000 8.301854 
619.368972 415.581917 638.102006 412.960672 1.757601 0.125000 1.532907 
325.469360 220.656906 326.088378 199.424954 2.972506 0.125000 4.490242 
474.380806 270.213103 469.661085 284.469710 3.568099 0.125000 3.182866 
27.758004 425.193843 0.089053 448.745355 2.651639 0.125000 15.837386 
281.179892 470.332385 268.660896 446.592402 1.809658 0.125000 5.083046 
581.887579 109.236953 555.740783 106.854375 3.053924 0.125000 16.206295 
353.118873 373.864764 334.371576 374.089875 1.460029 0.062500 3.786404 
48.122702 460.596895 129.442202 453.946763 2.538192 0.125000 30.424115 
627.887986 102.429712 605.439883 110.081955 2.742803 0.125000 6.584318 
627.068015 71.125563 612.999766 76.550220 2.065738 0.125000 5.592584 
370.104974 346.761217 353.551504 343.153731 7.484680 0.125000 6.600438 
563.439553 279.373536 563.648996 324.378379 2.691940 0.125000 46.538632 
88.099918 180.946604 101.960586 182.027603 2.686817 0.125000 0.147484 
232.873107 375.761910 245.688618 399.340422 2.196518 0.125000 0.441549 
75.658424 461.133107 0.654072 466.066948 2.330511 0.125000 33.796670 
272.344663 447.882143 281.594319 465.770137 1.836268 0.125000 0.703387 
565.082121 349.369742 565.184499 363.137571 2.499931 0.125000 1.548880 
604.386631 109.784251 584.367275 110.353197 2.570012 0.125000 14.623484 
554.294448 103.541333 610.533878 106.259994 3.443848 0.125000 35.166388 
0.826065 444.616308 11.769274 435.498113 1.600342 0.125000 0.174044 
561.700889 360.625522 561.596043 325.625836 1.351097 0.125000 9.604584 
332.857762 394.763064 306.877235 376.871754 2.632217 0.125000 8.092769 
62.700149 395.130126 37.085602 417.120312 2.299464 0.125000 9.097872 
620.673091 100.762242 638.209877 94.617225 2.480196 0.125000 8.484361 
353.109458 346.190934 326.844616 346.787673 5.027103 0.125000 21.991277 
385.746296 344.661471 373.029508 345.665393 4.984492 0.125000 4.705985 
563.964316 324.333290 564.899970 343.161031 1.752405 0.125000 1.637185 
0.653540 463.543113 36.905279 461.068580 1.813184 0.125000 16.079571 
403.449105 345.067684 386.402342 342.010701 9.368013 0.125000 38.565751 
336.874885 353.816784 309.374886 353.822468 2.504392 0.125000 5.742325 
621.908587 75.732290 634.362085 71.833745 1.939793 0.062500 1.705319 
561.359548 316.892269 560.521534 291.878466 1.667840 0.125000 11.914214 
440.661947 351.269055 428.142328 351.513276 5.047807 0.125000 0.342920 
200.928261 274.377092 201.083493 251.878163 1.353460 0.062500 0.302957 
248.252997 349.465535 223.124035 351.864896 2.607493 0.125000 4.705985 
296.124363 210.027720 315.375874 195.299366 2.685331 0.125000 0.669536 
345.755100 366.446474 335.613540 368.052638 2.273694 0.125000 0.174044 
183.018218 359.769231 168.094602 361.631387 3.411596 0.062500 3.631531 
273.180570 348.719527 256.955486 350.236087 2.605481 0.125000 0.962227 
275.708883 343.922044 255.667751 346.031214 3.074755 0.125000 2.688431 
273.125000 158.125000 273.125000 136.875000 1.250000 0.125000 1.980224 
246.029197 280.642901 246.528917 269.359672 1.635923 0.125000 1.077134 
253.125000 344.375000 234.375000 344.375000 1.250000 0.125000 0.174044 
