361.900489 425.624058 362.549560 443.192442 4.208946 0.125000 22.998896 
337.843416 419.806701 360.747765 423.641812 4.719200 0.125000 37.477185 
361.885603 451.636580 315.640683 452.121286 5.287945 0.125000 55.130112 
336.794347 127.488107 412.012762 117.962871 6.720240 0.125000 135.684050 
318.206860 423.611808 337.258915 420.408072 4.308915 0.125000 23.867328 
317.212726 443.120044 316.992375 428.104933 2.683152 0.125000 8.301854 
96.711892 109.109626 186.726569 124.021021 5.590537 0.125000 193.951197 
412.076523 116.894041 425.875548 114.702764 4.487765 0.125000 13.491046 
0.002328 84.306055 96.335794 108.980183 6.496640 0.125000 208.634702 
426.791992 115.295227 522.049396 91.317841 6.671186 0.125000 169.556068 
186.876050 124.356448 288.155376 130.088273 5.886235 0.125000 184.978645 
563.087221 256.204671 583.164347 255.073159 3.814395 0.125000 23.171393 
313.127375 128.305889 323.125652 128.174643 6.298683 0.125000 7.829480 
289.358411 128.725580 314.356505 128.507260 3.968186 0.125000 36.962880 
323.021979 127.889402 335.720960 127.008771 4.432821 0.125000 21.848204 
557.306164 189.427826 561.497742 254.399338 4.225151 0.125000 96.711453 
224.579201 33.606813 214.555344 32.592595 5.226267 0.125000 1.083064 
169.680838 34.580640 160.947672 32.023156 3.626084 0.125000 0.703387 
601.835586 253.512688 569.416500 250.216800 2.866468 0.125000 22.890830 
217.692605 314.387232 217.268627 299.399225 1.567611 0.062500 0.813691 
291.911694 371.268576 216.799519 375.551141 6.710705 0.125000 140.861013 
215.760321 375.856075 190.477497 374.348177 10.354358 0.125000 47.022769 
251.716670 243.087652 251.184893 263.139848 2.499121 0.125000 11.986761 
378.202669 351.139063 368.312824 350.095314 3.991675 0.125000 5.170877 
511.521651 81.255144 497.789596 83.850106 5.145153 0.125000 1.717989 
369.289077 289.400831 369.677207 271.909443 2.859881 0.125000 17.615513 
253.837307 263.087083 255.340753 241.766809 3.213142 0.125000 16.941417 
385.669691 356.876163 386.451663 326.831448 4.041435 0.125000 43.317834 
362.399762 326.900471 361.065154 354.396364 4.206298 0.125000 37.316078 
446.877793 365.456985 434.370456 365.432354 6.272143 0.125000 7.333576 
439.304700 29.024362 432.814363 30.325616 5.393887 0.125000 1.548880 
190.205384 338.154767 193.228731 126.858599 4.639811 0.125000 348.404156 
386.774757 327.187912 363.042214 325.665740 4.222364 0.125000 28.806010 
367.450392 349.413693 368.705591 330.748101 3.909288 0.125000 15.215578 
381.095941 270.613596 380.821802 289.341285 3.987443 0.125000 16.043677 
380.947462 330.512521 379.910473 350.588092 4.413006 0.125000 19.629531 
370.591884 330.420557 380.581862 330.736974 2.775751 0.125000 3.402252 
371.398346 336.835841 370.777936 344.387564 2.378349 0.031250 0.414407 
498.983560 208.215278 497.049303 173.046664 4.087569 0.125000 43.447176 
496.015089 166.861950 495.472052 150.630117 3.831494 0.125000 13.500257 
570.586124 247.201657 603.072291 251.067889 2.954441 0.125000 28.850418 
379.387341 289.448988 370.468481 290.936608 4.315858 0.125000 4.997929 
387.155697 291.880011 387.624964 265.593758 4.061766 0.125000 48.746639 
549.699198 81.531934 576.460573 71.965653 4.878661 0.125000 44.926276 
385.762604 265.213649 365.687759 268.507492 4.346009 0.125000 30.530339 
364.417466 269.375289 364.247507 294.382629 3.860351 0.125000 34.600077 
153.360042 3.247881 144.475081 1.395070 5.149884 0.125000 1.780432 
365.503480 295.105869 386.824606 293.641343 4.217312 0.125000 30.837184 
528.300396 173.646246 497.952408 166.342101 3.827120 0.125000 41.811885 
94.759244 3.948917 83.254211 1.311376 5.990844 0.125000 6.584318 
361.994637 353.413881 383.226847 356.056796 3.566877 0.125000 19.463360 
566.684031 201.574481 600.330008 208.341679 5.408629 0.125000 38.153014 
522.239942 90.494352 549.307962 81.669382 4.831852 0.125000 52.260360 
370.746751 271.535306 379.507225 270.363617 3.385486 0.031250 1.422641 
501.826662 361.131462 449.223929 364.551213 5.962576 0.125000 74.043490 
410.865581 142.219684 353.435125 126.957985 3.733788 0.125000 68.242486 
540.995606 176.845079 532.739998 174.454639 2.906717 0.125000 1.077134 
162.820254 123.099692 160.500243 265.622969 5.792791 0.125000 229.310657 
428.909879 224.384707 426.691854 118.102736 4.712022 0.125000 161.148040 
553.765209 148.136116 554.381049 181.920461 5.090297 0.125000 24.264428 
261.848651 293.796716 238.086182 292.864587 3.037035 0.125000 16.954160 
419.525913 153.141011 420.600071 226.875363 5.017678 0.125000 134.738721 
577.040562 72.282305 638.762537 47.193426 6.477235 0.125000 97.697294 
599.769422 213.616484 568.025295 207.382728 4.687656 0.125000 34.561302 
587.894381 256.863633 601.870883 255.580171 5.550583 0.062500 2.132269 
415.510945 244.337712 436.924224 246.351619 3.265343 0.125000 9.189039 
433.762942 365.375281 427.917558 364.019136 4.870636 0.062500 4.965795 
428.931524 366.019016 410.253190 362.748374 11.943794 0.125000 34.978073 
499.397813 175.525998 555.820314 188.527391 4.019507 0.125000 79.716696 
568.777503 229.449298 565.486918 202.986735 3.097885 0.125000 10.128142 
511.909028 361.144978 501.869029 360.972434 3.749446 0.062500 5.214968 
409.478508 362.520352 401.776255 361.201819 6.548796 0.125000 1.083064 
343.257292 137.509914 360.497479 141.217906 3.929000 0.125000 18.798841 
506.938815 251.269161 419.226991 242.030142 4.188502 0.125000 93.338851 
493.298845 149.344237 492.920927 131.852402 3.884127 0.125000 16.079571 
231.868548 306.079643 259.398481 306.470313 4.104355 0.125000 44.970493 
383.369133 360.336409 357.822282 356.282805 5.389212 0.125000 38.478349 
493.535609 131.971507 551.814622 150.811768 5.429142 0.125000 80.723672 
360.724543 141.404785 418.980721 153.737467 4.462449 0.125000 101.011755 
401.822460 360.596132 383.268153 359.797828 5.586430 0.125000 17.794559 
443.869839 190.635683 443.525789 174.366524 2.631583 0.125000 0.348603 
127.012664 375.410818 119.153102 376.455382 3.387951 0.125000 2.883314 
331.516312 134.769465 339.716762 136.558136 4.040882 0.125000 5.170877 
626.729548 97.628939 611.567062 102.074781 3.183826 0.125000 0.312695 
280.747367 240.241635 316.981294 242.956179 4.052179 0.125000 43.301614 
320.661288 132.895372 330.803087 134.498079 3.118686 0.125000 4.689494 
605.533270 253.601103 638.313540 249.715655 3.788181 0.125000 39.844975 
509.827563 251.876289 509.779055 221.874347 1.298503 0.125000 8.301854 
118.153333 376.252610 59.410192 378.904545 4.245029 0.125000 93.266643 
576.930211 337.512088 561.827561 336.151634 2.714211 0.125000 4.997929 
449.593058 263.150738 451.213997 328.141486 3.870555 0.125000 71.755047 
414.440135 119.370770 415.345072 133.305531 6.074851 0.125000 20.374407 
386.583000 234.090357 391.425161 250.387255 3.820534 0.125000 7.995929 
611.246862 101.751414 563.372875 80.077486 2.838524 0.125000 31.031563 
159.374480 266.783915 126.868407 266.969349 7.585445 0.125000 39.633294 
142.608145 333.142223 143.900834 278.113861 2.411242 0.125000 15.617115 
265.636420 323.808521 234.372745 323.993167 2.499956 0.125000 25.801891 
268.196096 271.551851 255.608821 270.982987 2.497451 0.125000 4.689494 
125.727073 266.298933 99.210564 264.816716 5.612387 0.125000 29.702288 
444.852722 254.521138 450.067250 262.682714 4.593793 0.125000 1.151674 
339.292965 263.830936 276.892305 273.239771 3.502408 0.125000 73.795255 
603.138450 339.857002 578.080462 339.418169 5.064896 0.125000 15.395045 
619.658054 96.286668 586.918242 80.535121 2.709662 0.125000 25.466650 
579.282352 73.317995 627.680212 96.551539 3.470552 0.125000 61.072503 
356.897020 355.993817 349.308051 355.804179 8.653591 0.062500 1.395684 
333.134976 424.439271 321.770731 426.203268 2.278683 0.125000 0.174044 
251.168046 230.175637 253.526813 239.587568 3.637508 0.125000 1.548880 
561.074971 82.090154 604.267905 100.871297 2.492217 0.125000 18.627975 
53.146290 379.828706 40.556699 380.419474 6.536090 0.125000 0.027473 
266.457658 254.722431 269.557240 269.597494 2.013643 0.125000 0.756209 
464.365239 356.535971 504.439985 355.382234 6.211439 0.125000 50.315668 
514.219259 351.882484 511.513799 295.582289 3.025696 0.125000 44.382748 
174.622028 362.938154 161.660054 365.949920 5.093977 0.125000 0.286208 
272.728543 269.746586 269.533397 255.589252 3.226194 0.125000 6.666887 
470.470505 164.686168 459.958675 159.467045 3.366629 0.125000 1.639253 
486.658118 170.584168 488.043169 205.628234 4.304984 0.125000 35.168639 
570.739529 233.594500 601.869504 238.162456 3.495189 0.125000 28.045094 
145.621758 347.808708 158.146068 347.680328 3.826677 0.125000 5.083046 
197.622188 348.291694 201.843949 329.368073 3.125249 0.125000 4.449435 
38.190810 370.439211 23.050735 369.745263 5.567095 0.125000 9.354881 
255.672054 270.119660 208.139194 268.845494 3.403481 0.125000 25.770819 
438.018360 114.741759 482.861715 127.780500 4.103168 0.125000 58.015197 
458.320641 158.131400 457.788302 174.404876 3.952336 0.125000 6.584318 
484.509703 126.924423 486.336514 168.148862 4.023013 0.125000 62.074514 
317.402958 240.635286 318.024888 133.131652 7.781898 0.125000 232.925593 
199.257830 326.849400 195.755336 342.880373 4.197199 0.125000 5.742325 
212.660053 142.403496 227.230001 155.221477 3.302621 0.125000 3.446150 
514.689925 471.766150 554.423515 460.800795 3.074982 0.125000 23.281783 
231.291116 321.866169 231.499022 308.119314 2.556422 0.125000 6.495674 
445.203446 270.611724 445.682606 345.624632 3.502405 0.125000 47.037125 
229.829467 293.144239 228.453893 325.638923 3.958116 0.125000 18.493811 
628.360166 330.613975 626.191178 284.348457 3.823767 0.125000 51.301643 
255.869240 163.077881 274.204534 166.530318 4.060334 0.125000 10.790694 
601.965433 241.230897 570.631109 236.831492 2.454445 0.125000 24.924533 
19.391671 261.684382 0.606981 261.979988 7.676086 0.125000 13.718134 
531.902393 274.011339 514.407499 272.693543 2.962386 0.125000 11.109883 
300.379896 349.196497 294.883957 318.256634 4.291398 0.125000 24.026853 
505.402885 210.635028 507.153861 249.418844 2.610209 0.125000 35.016376 
98.267052 265.603329 50.706730 262.924141 8.191169 0.125000 99.735718 
413.209639 251.185906 340.663899 262.132787 3.195895 0.125000 63.682087 
13.182863 478.091223 0.209833 455.867351 3.150844 0.125000 15.501154 
255.587155 361.406835 265.622623 360.595600 2.592589 0.031250 0.058440 
540.686942 170.496954 508.992797 155.165093 3.627431 0.125000 20.195065 
500.786201 284.848967 471.731944 278.813680 3.050746 0.125000 35.494229 
395.365802 230.027516 387.088936 233.618150 3.785910 0.062500 0.275782 
495.406245 185.628111 495.690660 205.624066 1.303207 0.125000 1.077134 
602.520552 283.045006 604.846377 338.157859 4.452489 0.125000 76.814529 
70.334715 358.170108 56.485135 361.506778 3.850210 0.125000 5.384351 
579.198371 84.774259 612.974003 99.716319 1.669965 0.125000 7.011905 
46.119678 263.170586 34.297051 258.314787 6.731171 0.125000 10.388622 
563.241923 461.035186 520.640324 473.178758 3.078372 0.125000 22.754538 
1.058388 451.117399 17.885086 479.023386 3.243250 0.125000 27.209829 
584.364420 259.170823 535.615769 261.696851 3.227496 0.125000 61.653201 
254.381025 319.209040 233.068353 318.435265 2.498354 0.125000 10.077844 
309.330011 282.692415 278.157174 285.934369 2.566167 0.125000 24.924533 
468.287910 192.504411 446.872956 186.882787 3.430718 0.125000 7.549181 
146.219835 286.861050 145.261574 331.867262 2.419608 0.125000 14.806064 
498.117302 153.140567 542.718318 175.197351 2.412385 0.125000 42.548309 
248.361352 161.881524 222.109415 156.891715 3.217215 0.125000 17.973602 
451.674830 329.358909 451.494084 345.648513 5.124513 0.125000 17.282123 
13.692381 284.269212 11.848536 274.379934 3.228245 0.125000 1.532907 
493.316387 205.618558 492.474407 180.604824 2.372429 0.125000 10.106851 
276.990096 276.459304 309.560016 271.966142 4.184796 0.125000 24.286609 
344.460344 264.902493 413.230340 253.776083 3.230388 0.125000 58.074214 
229.328118 170.625379 229.803458 229.381646 2.934743 0.125000 68.782283 
271.219469 258.113399 271.485235 243.095981 2.565963 0.125000 6.056341 
255.691946 405.374606 219.676971 395.745556 2.582901 0.125000 13.737285 
233.307214 150.930080 249.136561 141.475781 4.083878 0.125000 4.637770 
221.804369 368.387265 217.268470 345.546860 3.930292 0.125000 10.932045 
250.598838 142.459909 261.882175 142.964591 2.553357 0.125000 3.786404 
310.414370 273.138283 311.204470 285.667285 4.135920 0.125000 4.398520 
510.544586 269.502344 509.735481 253.107210 4.993922 0.125000 7.167560 
341.022982 354.089930 324.751499 357.013614 12.399047 0.125000 20.627467 
430.228218 118.299432 449.243722 123.596283 3.001974 0.125000 9.264760 
496.926835 169.155136 515.527091 173.540293 1.928934 0.125000 1.532907 
311.172744 286.866120 312.084725 343.121600 3.891339 0.125000 67.524850 
516.643019 174.077091 554.341501 183.262488 2.663197 0.125000 24.710647 
209.268151 164.932198 228.046720 168.533213 3.682896 0.125000 16.896970 
402.195399 247.151373 397.350510 230.855258 2.396337 0.125000 4.099232 
605.631631 104.359633 558.312866 83.939662 2.971659 0.125000 35.359865 
300.637246 358.464026 283.128653 358.598961 3.846221 0.125000 11.122025 
553.196104 190.622771 555.194067 254.349321 3.438874 0.125000 49.241043 
201.272237 368.260386 200.525477 358.040932 2.395607 0.125000 0.174044 
431.927324 198.082532 432.744345 223.137413 3.096169 0.125000 14.549414 
289.931341 319.478939 284.614767 347.936262 4.077652 0.125000 16.881812 
133.133428 344.397974 86.013138 361.683088 2.895481 0.125000 32.173032 
89.441783 349.530534 77.677161 354.582005 4.763100 0.125000 3.166002 
173.189693 372.136648 155.614891 372.888785 4.227589 0.125000 15.501154 
222.219521 335.622768 222.381536 360.629817 2.540439 0.125000 11.854039 
71.775127 370.357300 131.812891 347.958523 2.360306 0.125000 34.561302 
0.374548 347.871357 6.823120 348.590323 5.246225 0.125000 3.262297 
469.831554 280.623030 469.763256 308.125964 2.546554 0.125000 15.215578 
339.446225 346.877846 342.691725 265.657636 8.092930 0.125000 186.368793 
16.199552 271.954616 17.379245 281.962903 3.724218 0.125000 0.808235 
165.616957 351.671569 183.138989 350.978842 2.695567 0.125000 3.309693 
405.852616 136.133240 386.612839 130.229337 2.851614 0.125000 11.786454 
196.508431 151.884008 195.297633 270.634407 3.533148 0.125000 139.047696 
212.690966 342.792055 215.927443 362.874813 4.339669 0.125000 10.388622 
278.158381 288.568151 308.176372 286.306993 2.774615 0.125000 15.647955 
502.300166 321.780170 505.169500 296.822632 3.625802 0.125000 13.247402 
533.943938 259.452621 532.121293 249.330650 2.460429 0.125000 1.980224 
237.525188 295.594616 237.139840 303.201736 2.560038 0.062500 2.582284 
366.885816 126.839125 401.733320 137.344948 1.804047 0.125000 11.017623 
495.611965 478.081237 513.053878 472.886212 2.294235 0.125000 4.997929 
393.023704 250.594055 400.771798 249.981345 4.033952 0.125000 4.286159 
477.802193 170.584525 478.571809 188.214629 3.800947 0.125000 17.804221 
558.539437 254.428436 556.698137 225.636311 1.885663 0.125000 8.375046 
624.343316 283.543165 603.120446 281.935108 4.117049 0.125000 21.162752 
246.659059 171.497670 263.137324 175.575195 3.652592 0.125000 14.443920 
454.300740 201.004217 469.453994 203.971608 3.439883 0.125000 4.398520 
513.074784 472.104319 483.402707 465.606800 2.673863 0.125000 8.322049 
311.980961 178.125091 311.977388 133.124893 2.503275 0.125000 42.229450 
537.923232 336.890250 536.030230 311.844372 3.246554 0.125000 15.377051 
209.141777 137.782890 230.582444 143.290661 2.210393 0.125000 2.164312 
245.631988 149.566494 260.612040 149.019852 2.635089 0.125000 3.246990 
557.064427 459.972729 607.956824 443.844328 2.702114 0.125000 21.164004 
148.267885 372.711081 141.572562 373.855299 7.392819 0.062500 2.781952 
207.641410 209.378828 207.859933 165.629920 2.712250 0.125000 40.472464 
321.883183 429.126917 335.659426 429.581328 4.956073 0.125000 2.541508 
90.696181 472.185224 72.981555 476.249829 2.436681 0.125000 6.666887 
419.115664 226.851575 399.667688 230.812196 3.402763 0.125000 12.692121 
231.895394 368.264901 255.660337 368.701484 6.409664 0.125000 50.022795 
430.129830 251.412981 445.534467 269.452311 4.614017 0.125000 14.048641 
56.205129 362.092951 45.419632 366.355339 6.487727 0.125000 5.076295 
226.917490 214.009371 209.364023 211.969460 1.906116 0.125000 5.170877 
302.036903 133.123281 303.165444 239.387846 3.590496 0.125000 134.894500 
323.117594 447.845562 358.115556 448.112628 2.700233 0.125000 26.305185 
469.200798 458.826148 511.862437 469.425563 2.712627 0.125000 12.169632 
246.836426 219.668186 261.904515 221.650668 2.641694 0.125000 5.867784 
195.077442 276.873555 194.938924 329.376488 2.572544 0.125000 53.679908 
613.407332 445.278824 564.366540 460.597918 2.758993 0.125000 34.813604 
411.901371 387.586432 389.394127 386.484377 2.435876 0.125000 14.941819 
125.980523 304.525996 117.447151 324.618001 2.616475 0.125000 2.895543 
30.643720 355.717536 44.096060 352.996146 3.532167 0.125000 1.367789 
549.422331 341.551998 538.050183 339.885567 5.309637 0.125000 13.500257 
264.129746 176.861795 264.688421 219.370881 2.976158 0.125000 50.874266 
304.350813 418.215540 270.667191 409.217068 2.498128 0.125000 9.620422 
174.383868 356.756565 159.374426 355.632664 2.679697 0.125000 0.147484 
209.356061 278.741073 248.107866 279.932365 2.114731 0.125000 17.037079 
268.842692 288.125085 268.839585 314.375085 3.750296 0.125000 12.730959 
276.254594 304.376762 276.215543 290.623323 1.289036 0.125000 0.756209 
264.578426 221.812343 264.122090 229.434694 2.869039 0.125000 2.883314 
244.135436 191.867054 244.756650 173.137659 3.913687 0.125000 15.215578 
381.819157 437.268080 368.046188 438.165632 2.169560 0.062500 1.410586 
445.885831 165.115208 433.199227 169.585648 3.188757 0.125000 1.780432 
230.625860 339.057971 253.125694 339.118991 1.304236 0.125000 1.077134 
443.048998 454.662892 403.187150 444.139580 2.146567 0.125000 18.800843 
81.971461 363.445117 65.692900 368.350336 2.508597 0.125000 4.099232 
485.687579 421.266210 469.480337 419.600237 2.265979 0.125000 3.246990 
605.694782 197.804469 591.787532 194.776769 2.176876 0.125000 3.786404 
479.501540 190.626693 479.334093 203.141178 2.616843 0.125000 0.962227 
534.814202 301.955534 533.591031 270.655637 4.556882 0.125000 27.371618 
210.513222 215.062336 226.740619 217.701323 2.266937 0.125000 1.548880 
257.958281 191.656045 246.797961 189.851432 2.268412 0.125000 1.077134 
455.698126 375.702631 445.581549 375.071618 4.207201 0.125000 1.151674 
38.129916 379.957062 21.870519 380.094378 6.323671 0.125000 18.898138 
449.018594 241.892538 448.092143 223.065107 2.804154 0.125000 14.941819 
481.802356 464.654995 445.711577 455.291305 2.014509 0.125000 14.445090 
163.254614 380.825477 140.489598 382.859756 4.736426 0.125000 18.370484 
498.223437 387.465160 483.020902 390.000899 2.261242 0.125000 1.548880 
638.129449 197.411592 606.871234 197.670757 1.509045 0.125000 28.169834 
430.462177 448.774379 466.927045 457.917433 1.838333 0.125000 15.191554 
600.796689 258.181689 601.779699 276.880010 2.824675 0.125000 2.164312 
228.131594 233.012087 210.691071 231.993604 3.743622 0.125000 1.492054 
401.833200 368.503357 391.544484 367.366672 7.454644 0.125000 13.210234 
480.579035 390.221841 456.852419 392.926941 1.949938 0.125000 1.958453 
309.510912 349.048873 300.825496 348.299914 6.763847 0.125000 13.500257 
569.371664 342.011573 549.414104 341.524087 3.840453 0.125000 2.046670 
208.141729 383.217490 190.539327 386.401345 3.245152 0.125000 3.419379 
243.992258 215.647431 244.220092 206.838663 3.878025 0.125000 3.262297 
624.282172 416.306638 595.554269 412.394379 2.703670 0.125000 6.577662 
606.868521 195.208825 638.130404 194.722114 1.619563 0.125000 22.970605 
260.686446 391.002298 233.103725 395.494362 2.668417 0.125000 6.291696 
343.358344 364.880312 335.815570 362.516820 7.530638 0.125000 7.829480 
535.669193 359.438596 520.602140 359.945492 4.000057 0.125000 13.500257 
304.376299 373.103435 293.016932 372.419258 6.689603 0.125000 2.765643 
450.879236 124.374071 450.898538 155.624059 3.763125 0.125000 32.295206 
506.952040 372.621247 494.366505 372.068380 3.581813 0.125000 0.348603 
519.589288 293.238209 518.059806 279.245494 3.028490 0.031250 1.523737 
393.371231 126.199055 408.221959 131.608830 3.733285 0.125000 2.636674 
503.226008 366.413607 489.225381 368.206867 3.591398 0.125000 14.051266 
21.996584 389.573644 8.030230 390.745835 2.900506 0.125000 10.108034 
488.316190 368.971464 461.191323 375.098124 9.283514 0.125000 50.416156 
618.120522 261.785162 638.195257 260.784587 3.185317 0.125000 19.399498 
122.169429 300.575607 119.857472 286.794062 1.646388 0.125000 0.174044 
449.350132 382.264972 425.616933 380.751509 2.335831 0.125000 11.841411 
606.761629 442.670397 574.384890 438.055613 1.772246 0.125000 10.931463 
428.193253 383.945128 405.665750 380.368344 3.449134 0.125000 6.577662 
10.649315 374.072700 0.591793 374.330745 5.062476 0.125000 6.749510 
51.872478 388.077173 29.237677 389.270681 5.058883 0.125000 16.126707 
8.203141 380.486974 0.477769 381.029857 5.075325 0.125000 0.348603 
528.013249 429.910237 508.098429 425.752261 2.648939 0.125000 0.135546 
185.621287 386.925998 171.853254 385.923727 1.791238 0.125000 1.980224 
262.261924 384.125279 250.504539 381.091909 4.529195 0.125000 3.419379 
221.843408 315.624405 222.196666 296.857526 1.992183 0.125000 2.883314 
410.738527 369.383078 400.483638 370.308467 6.786418 0.125000 7.290356 
353.149647 374.185394 335.780659 371.927552 4.685523 0.125000 4.536295 
19.241417 377.341093 9.109612 379.067626 8.835640 0.125000 8.958088 
330.353870 371.025348 316.965230 368.825775 6.572609 0.125000 9.893456 
124.443571 384.043845 111.804713 383.495726 6.244131 0.125000 10.657861 
333.188981 388.353792 321.906020 388.841956 2.443632 0.125000 0.756209 
571.948934 363.536338 560.610134 364.040945 3.121292 0.125000 3.786404 
100.138575 383.408499 88.474644 385.968225 4.765002 0.125000 4.775235 
278.127014 394.390178 256.755654 397.225390 2.389872 0.125000 5.915153 
315.630823 379.610502 300.609099 379.981937 2.653730 0.125000 0.147484 
632.962401 373.813146 620.563908 370.883553 3.311948 0.125000 0.147484 
306.864245 388.229020 291.767151 386.668120 2.101085 0.125000 3.786404 
