114.634740 384.121241 117.339960 373.564466 3.632626 0.125000 3.246990 
121.706120 372.645103 116.004306 389.503290 3.987543 0.125000 16.059565 
71.442669 375.524882 90.264094 369.497934 6.045959 0.125000 8.202936 
58.058395 389.314104 70.597270 375.599647 5.060756 0.125000 17.794559 
90.643310 370.018812 104.417719 369.627065 4.139379 0.125000 17.262743 
115.485121 389.504810 102.741785 405.316143 4.299704 0.125000 7.470093 
89.601131 404.455978 61.828976 406.095282 8.808452 0.125000 60.340643 
337.426525 233.074723 336.703987 243.112690 3.032009 0.125000 2.519232 
321.647167 226.874313 321.579341 249.370340 3.814053 0.125000 31.912824 
198.058132 479.119994 264.196965 400.475276 4.610805 0.125000 164.880498 
154.478439 245.611162 153.829470 299.383502 5.135400 0.125000 64.558741 
326.852980 232.048232 335.639556 232.184179 2.635065 0.125000 0.174044 
339.380529 225.125156 324.370278 225.166648 3.787994 0.125000 16.381846 
381.595080 131.879243 381.097549 245.621599 4.072557 0.125000 136.695690 
321.886678 251.081940 339.419689 251.340114 4.944245 0.125000 4.090952 
335.663775 244.321837 325.672621 244.024552 2.759133 0.031250 5.428910 
158.125114 111.563029 635.625964 111.737512 5.119671 0.125000 781.483854 
368.104092 239.610319 355.470716 305.595461 3.762665 0.125000 84.046870 
387.758063 291.923135 383.783525 261.624641 4.957527 0.125000 28.651567 
390.129379 304.269092 388.532192 292.892346 4.061150 0.125000 0.821341 
434.511697 198.129420 434.283427 140.630326 3.789670 0.125000 103.075999 
340.099171 250.612266 340.674742 226.845932 3.839691 0.125000 34.081333 
381.790294 256.891914 378.526225 240.544886 2.943127 0.125000 3.582103 
149.687397 296.852348 150.924106 245.662425 4.696639 0.125000 47.970644 
281.231420 384.862837 206.469069 477.798448 5.865486 0.125000 193.699075 
638.170275 315.444392 574.405022 313.426368 4.855239 0.125000 59.300110 
107.568256 398.544172 89.723921 405.955446 7.973748 0.125000 34.182835 
63.308537 301.058128 76.761615 295.357423 4.116024 0.125000 7.829480 
45.134338 0.554501 36.460238 60.924611 5.105518 0.125000 76.649528 
267.515231 396.365636 295.423224 362.956449 3.193918 0.125000 50.340490 
434.378276 130.728883 383.122527 130.852903 3.861897 0.125000 88.242046 
345.625723 271.630518 276.874860 271.679970 2.546753 0.125000 75.807554 
549.456007 270.633321 551.374888 251.952026 3.508706 0.125000 2.235165 
239.794436 299.387678 244.933917 129.354111 4.698758 0.125000 304.036243 
430.684376 270.465214 411.862471 269.672485 4.114879 0.125000 25.801891 
365.630916 358.837348 398.126981 359.194926 1.552508 0.125000 12.817304 
118.128756 309.496221 69.348125 311.007621 4.367576 0.125000 44.307154 
565.508209 300.579490 566.007111 285.596102 2.665008 0.125000 0.348603 
569.052757 130.586300 570.514523 165.629608 4.111415 0.125000 44.942113 
68.128440 310.845921 39.375674 310.913156 6.261675 0.125000 29.484732 
398.148164 362.418527 365.601184 361.351347 2.908299 0.125000 28.850418 
35.861180 61.547542 25.540269 93.501376 5.289743 0.125000 34.063938 
106.690952 375.448232 93.223853 389.469943 2.597622 0.125000 2.391850 
33.028832 322.431417 0.595883 323.408066 6.849153 0.125000 35.171092 
347.700025 300.704232 346.952901 273.122890 4.761234 0.125000 13.749728 
135.663147 303.646780 95.576707 301.546904 3.869766 0.125000 43.654919 
541.350499 284.476512 543.971621 265.743459 2.154913 0.125000 4.953386 
39.151397 310.968976 30.121150 316.783757 5.254817 0.125000 3.419379 
431.354010 166.583865 425.608392 176.865719 3.530251 0.125000 6.942493 
435.764531 301.898098 435.114261 270.635624 4.061126 0.125000 39.027819 
554.537155 291.977427 560.081896 298.800548 3.055120 0.125000 1.077134 
323.136169 306.663580 278.138797 306.319690 4.036474 0.125000 62.786338 
570.693650 308.127646 436.872965 304.449022 7.896369 0.125000 238.578140 
319.623134 337.325408 281.872746 384.625572 3.738512 0.125000 48.415485 
24.726096 92.972846 19.160713 96.540744 4.209277 0.125000 0.756209 
415.623852 164.413744 429.398797 164.821926 2.758072 0.125000 0.808235 
396.871747 313.736866 349.373090 313.484356 1.469270 0.125000 32.685284 
19.427021 97.377849 0.507641 96.060580 4.782802 0.125000 16.993348 
86.802710 296.702356 135.668197 299.981220 4.151916 0.125000 37.990531 
521.499909 199.376871 521.363580 263.129252 3.859585 0.125000 57.760399 
274.416418 302.773360 240.619375 302.432081 6.590468 0.125000 69.975816 
410.629914 298.712623 434.378607 298.888816 2.666856 0.125000 17.615513 
156.738982 129.369489 155.877323 150.635224 3.645712 0.125000 8.322049 
577.984975 310.283771 593.164349 311.268357 3.499408 0.125000 1.357319 
296.356797 360.043227 318.981757 335.265917 3.330491 0.125000 19.443285 
618.110846 311.180417 638.161534 311.691394 2.562879 0.125000 16.429664 
116.812345 399.162098 107.744123 401.830768 2.891663 0.125000 0.756209 
236.889040 127.296991 205.609756 127.559644 6.501682 0.125000 33.146719 
434.474855 302.896890 385.435007 305.052309 10.594118 0.125000 131.898924 
87.186876 101.900296 93.162269 28.229409 3.434561 0.125000 91.541461 
348.129557 306.738056 329.369636 306.814859 3.770438 0.125000 29.072924 
363.128746 361.335737 339.379891 361.170783 1.406245 0.125000 18.235844 
188.211028 305.050359 150.558986 303.275136 8.799161 0.125000 44.569023 
204.418303 127.843288 156.912005 128.770659 9.138679 0.125000 82.196064 
280.538355 274.338105 279.846906 299.388026 3.886534 0.125000 40.305015 
435.833424 256.898666 434.412152 194.345754 3.834215 0.125000 62.059797 
339.347744 357.825583 363.114046 358.507043 2.964723 0.125000 24.924533 
571.122545 165.679916 522.354028 196.385814 4.270314 0.125000 75.279675 
9.363397 305.191258 33.129829 304.555507 2.733084 0.125000 15.313282 
179.250748 68.853350 127.836577 -0.092070 5.434146 0.125000 135.278729 
0.545759 294.903808 20.617296 295.797937 5.050675 0.125000 11.344667 
154.277855 147.674475 88.263524 102.920669 4.068603 0.125000 97.339199 
140.515516 1.058747 181.532521 58.370108 4.175569 0.125000 99.392560 
156.772134 85.632755 158.646219 110.491469 4.516000 0.125000 19.443285 
568.066951 285.626254 568.391328 300.646244 1.384654 0.062500 1.378164 
424.417007 176.726857 414.336349 177.111171 2.783907 0.125000 3.402252 
94.728014 27.827732 155.856323 85.379301 4.013200 0.125000 139.677161 
13.153519 316.051357 0.542718 316.894907 3.324502 0.125000 8.716658 
233.126001 359.604391 294.374834 359.337006 1.337298 0.125000 29.976014 
414.088686 174.931181 419.209657 166.058151 3.872721 0.125000 4.997929 
294.374489 356.935871 231.868402 356.411558 1.512078 0.125000 31.782194 
543.890145 288.113769 543.484984 305.604383 2.701964 0.125000 9.604584 
594.369471 311.035074 613.116063 311.287834 1.502669 0.125000 4.286159 
627.610855 89.392304 638.738282 82.931206 3.521918 0.125000 4.989986 
135.607699 308.972462 119.334036 309.671890 2.497694 0.125000 0.962227 
288.126401 298.026168 345.632564 298.841557 2.978247 0.125000 65.652771 
384.380379 309.084101 360.615391 308.644688 1.688847 0.125000 12.864407 
413.115324 257.391315 433.131720 257.766416 2.710345 0.125000 13.161086 
396.425370 259.350224 396.659705 266.920359 3.786880 0.125000 1.637185 
410.928587 273.083192 411.569067 296.883233 3.513258 0.125000 17.793347 
621.798884 35.342568 638.204814 30.921156 3.946084 0.125000 5.481373 
238.158482 303.405493 189.349804 304.473277 6.822637 0.125000 80.699169 
582.723337 43.817867 574.710787 53.628330 2.904398 0.125000 3.246990 
621.151753 1.100555 602.784052 21.445697 3.170213 0.125000 19.538058 
155.108504 158.159768 152.738188 208.165916 2.970670 0.125000 40.367490 
157.833231 233.146202 159.556537 256.861809 1.427899 0.125000 3.402252 
84.373249 327.015034 64.376375 326.764998 2.562319 0.062500 0.695623 
638.130801 158.716175 629.369379 158.802147 1.335796 0.062500 0.258002 
620.696908 132.904571 571.914910 131.615128 11.576366 0.125000 147.612673 
402.002214 198.223568 406.903879 191.897376 2.964314 0.125000 0.174044 
154.403726 441.950357 174.778527 434.183585 2.503740 0.125000 5.384351 
95.625000 306.875000 124.375000 306.875000 1.250000 0.125000 7.398764 
216.869348 424.350685 229.555598 421.401991 2.718084 0.125000 1.548880 
545.617465 304.568131 560.643362 305.154328 1.687607 0.125000 4.689494 
76.911516 321.063064 64.290817 322.115087 2.491360 0.125000 0.670918 
141.875000 356.875000 173.125000 356.875000 1.250000 0.125000 9.204944 
525.628351 361.520949 479.370664 361.083111 1.604873 0.125000 36.086463 
75.625014 356.876256 51.878080 357.146069 1.462943 0.125000 3.786404 
583.381145 176.870012 584.014217 209.382025 1.760805 0.125000 15.279969 
493.146321 332.743140 464.346518 331.135122 1.596478 0.125000 16.429664 
