111.980443 390.659740 117.671101 373.387287 3.561675 0.125000 11.854039 
121.500007 372.634433 117.278119 386.619336 3.454488 0.125000 9.248442 
117.217352 387.133343 108.485939 398.704105 3.256610 0.125000 8.386548 
68.904041 376.665354 93.336982 368.781997 6.217534 0.125000 18.940001 
54.689819 393.395118 68.550806 377.240347 4.883786 0.125000 26.375643 
99.686392 369.139625 112.162197 371.755036 3.985650 0.125000 1.083064 
94.291773 370.189672 99.576566 369.179316 4.387469 0.125000 1.077134 
337.192577 234.329551 336.764130 243.119596 2.862170 0.125000 3.786404 
78.198062 405.506368 55.606609 405.960900 6.248735 0.125000 28.146964 
321.752305 226.873422 321.478764 248.135984 4.006967 0.125000 26.679747 
154.441919 245.611832 153.843430 299.382996 5.110986 0.125000 60.014550 
198.075227 479.132223 296.641285 361.678868 5.278185 0.125000 175.884215 
321.914291 250.811023 339.482654 251.459798 4.904335 0.125000 5.904631 
335.666249 244.355093 325.676788 244.030618 2.782748 0.031250 2.795496 
326.853791 232.071908 335.638549 232.200675 2.627975 0.125000 0.174044 
368.081720 239.605422 355.480605 305.597428 3.683449 0.125000 80.775944 
339.397445 225.017568 324.355087 225.195964 3.912794 0.125000 11.950165 
387.881376 291.908306 383.740671 261.619945 5.123233 0.125000 27.922215 
156.875084 111.581083 635.625759 111.717780 5.097437 0.125000 814.951085 
389.945962 304.317335 388.696257 291.943550 3.231626 0.062500 1.417214 
340.077522 250.612450 340.622330 226.846284 3.834956 0.125000 34.081333 
381.606938 131.879103 381.131701 245.621894 4.063328 0.125000 146.386699 
435.559799 258.141753 434.063128 140.644895 3.638248 0.125000 186.013516 
104.187389 401.872268 79.003421 405.643865 10.200235 0.125000 68.624097 
381.661635 256.916993 378.442819 240.562449 2.955251 0.125000 6.678798 
601.901416 313.977185 575.618093 313.555842 4.070094 0.125000 16.705302 
301.015165 360.942573 234.835490 442.249814 4.306166 0.125000 162.817265 
235.256896 441.832493 206.017062 478.438171 5.883863 0.125000 102.572769 
638.173793 315.405463 603.129420 314.241887 4.162743 0.125000 38.059548 
63.265418 300.973425 76.827723 295.507689 3.703066 0.125000 8.424434 
345.625095 271.710439 281.874993 271.713031 3.749949 0.125000 119.935729 
433.124840 130.794597 381.873703 130.746123 3.778373 0.125000 88.786944 
41.072030 35.438647 29.972812 83.263740 4.804010 0.125000 63.062891 
569.256032 134.331331 570.466367 165.679387 4.084790 0.125000 39.853073 
239.794251 299.387641 244.920941 129.353772 4.740296 0.125000 296.017621 
105.523209 376.775578 93.172113 389.421017 1.913347 0.125000 0.348603 
430.690284 270.506104 411.863876 269.608248 4.103021 0.125000 25.801891 
74.380471 311.072953 64.363884 311.004625 3.775493 0.062500 3.514238 
549.746360 269.404684 551.243512 250.674439 3.288834 0.125000 7.829480 
44.404053 0.504526 41.045695 34.539852 4.116622 0.125000 51.937531 
365.630942 358.845180 398.126855 359.209596 1.544276 0.125000 11.914214 
396.894451 362.184488 338.143728 360.969452 2.732079 0.125000 59.732776 
30.150079 83.218454 21.330054 96.513479 4.867714 0.125000 13.210234 
99.392135 309.899735 75.585884 310.677117 5.527690 0.125000 17.170121 
33.066470 321.338860 15.098306 323.300424 7.591359 0.125000 10.620341 
554.468932 292.034379 560.008655 298.860780 4.304214 0.125000 1.548880 
149.594751 290.710938 151.017731 245.676907 4.563252 0.125000 39.779528 
431.364495 166.575238 425.395680 176.740347 3.233734 0.125000 6.942493 
323.156495 307.683905 240.630973 301.791350 7.302900 0.125000 130.628002 
565.587582 299.374148 565.901197 285.602824 2.584729 0.125000 4.997929 
347.577340 300.656685 347.070375 271.893588 4.013760 0.125000 19.924318 
388.083681 256.899403 394.410773 256.686098 2.667050 0.062500 0.258002 
418.121366 298.947559 434.370191 298.809412 2.521164 0.125000 8.301854 
571.873835 308.166753 438.088491 304.433272 7.537741 0.125000 227.200471 
156.666315 129.368584 156.012470 150.636912 3.901870 0.125000 13.016973 
135.660997 303.651943 96.820571 301.718302 3.864281 0.125000 43.447176 
415.582200 164.223100 430.608094 164.808759 3.844522 0.125000 7.690483 
111.858894 299.455146 135.621599 299.127985 2.757885 0.125000 11.791937 
435.575366 300.625938 435.031983 271.862589 4.103484 0.125000 34.762320 
19.433998 97.139523 0.527259 96.007622 4.639706 0.125000 18.101703 
433.154522 303.291586 390.516738 304.180176 9.086684 0.125000 124.548940 
65.637069 310.763024 39.367317 310.991439 6.238895 0.125000 29.715473 
87.083325 101.892431 93.245870 28.239701 3.528495 0.125000 97.531492 
154.271489 301.440076 144.244456 303.826493 4.574723 0.125000 0.042399 
615.610449 311.112521 638.164974 311.785705 2.610763 0.125000 11.786454 
135.620623 309.184727 100.610395 309.990098 2.441844 0.125000 23.759781 
296.351553 360.037840 320.155074 333.946283 2.932294 0.125000 23.299430 
575.624346 310.664123 613.113858 311.291153 2.583266 0.125000 24.574154 
83.138244 296.598567 111.941904 297.978605 3.386776 0.125000 23.879911 
396.870146 313.772578 349.372815 313.416583 2.499930 0.125000 41.989490 
230.661924 127.085598 210.611538 127.592477 6.405955 0.125000 19.082495 
306.785403 351.813754 298.573470 363.827100 2.821611 0.125000 0.962227 
570.245605 166.272766 521.816490 196.782123 4.314762 0.125000 70.944730 
350.649000 306.653850 329.361868 306.878036 3.710301 0.125000 33.588374 
210.528357 127.172378 188.016849 128.160099 7.492791 0.125000 29.234680 
154.322836 147.604056 87.404737 102.341809 4.081226 0.125000 97.811638 
94.793840 27.753016 158.299780 87.869899 5.084422 0.125000 95.326527 
340.602263 357.966297 363.118533 358.435413 2.890020 0.125000 23.171393 
186.896174 127.977091 156.907243 128.553251 7.594661 0.125000 47.650125 
243.148581 127.668224 231.799766 127.082354 5.186683 0.125000 9.350146 
280.652762 274.334903 279.830810 299.389953 3.829954 0.125000 28.806010 
5.644467 305.982860 33.131126 304.487618 3.404973 0.125000 16.403858 
179.272936 68.835427 127.833716 -0.090487 5.398498 0.125000 128.903931 
13.157852 316.246584 0.560909 316.912357 2.958326 0.125000 10.108034 
233.125964 359.603294 294.374872 359.344707 1.339703 0.125000 29.976014 
0.551753 294.999857 20.618795 295.783835 5.093784 0.125000 13.293726 
140.464218 1.093426 180.961125 57.530756 3.907329 0.125000 100.020518 
521.380426 198.118364 521.863604 253.125100 2.961045 0.125000 78.700249 
156.923229 86.774524 158.669125 109.332888 3.842914 0.125000 22.854376 
216.875109 304.330238 156.866361 304.184599 7.509079 0.125000 105.337240 
248.128524 356.602158 233.114884 356.408238 1.427479 0.062500 1.378164 
281.876228 298.017859 344.368023 298.733890 2.929482 0.125000 61.914084 
396.208022 259.346551 396.636937 268.136616 2.740717 0.125000 0.174044 
543.938413 290.618017 543.698561 305.614181 3.649569 0.125000 4.253342 
38.081275 305.931771 58.135672 306.495034 2.463920 0.125000 2.964457 
240.647973 303.432999 218.118801 303.617316 6.229338 0.125000 22.360897 
424.552803 176.357349 414.298945 177.277048 3.623339 0.125000 0.962227 
412.503598 174.883390 419.630825 166.070943 4.301992 0.125000 6.678798 
627.213857 88.834864 638.805879 83.301360 3.718318 0.125000 9.604584 
388.128833 309.203399 358.115886 308.533020 1.807958 0.125000 13.491046 
156.309036 243.128793 156.225276 230.629354 1.316982 0.125000 1.077134 
327.942987 329.211327 310.796476 348.279197 2.420886 0.125000 7.383152 
79.357452 327.354160 64.377543 326.805554 2.635568 0.125000 1.639253 
621.816947 36.710068 638.233034 30.931932 3.952297 0.125000 7.042010 
411.143081 271.865654 411.594311 296.880063 3.523941 0.125000 20.298100 
274.363881 357.108540 253.102562 356.096272 1.484956 0.125000 4.689494 
13.127574 323.637118 0.615325 323.700007 5.043915 0.125000 13.491046 
621.029689 0.985663 599.205495 25.473936 3.244630 0.125000 20.007184 
414.372135 257.440278 433.127989 257.535350 1.345025 0.125000 11.011124 
583.590854 43.566006 575.053700 52.584173 2.820120 0.125000 3.402252 
94.375000 306.875000 123.125000 306.875000 1.250000 0.125000 5.170877 
155.010228 160.596063 152.712362 209.414414 2.659148 0.125000 44.114738 
633.082711 132.497399 574.326559 131.701624 11.418249 0.125000 172.088531 
389.124890 328.297289 391.079546 316.953322 2.717646 0.125000 0.670918 
294.375000 356.875000 275.625000 356.875000 1.250000 0.125000 0.174044 
638.132092 158.617045 625.616675 158.797430 1.946798 0.125000 0.670918 
270.613973 318.784390 248.121813 319.204321 1.529785 0.125000 3.402252 
545.615777 304.654305 561.889309 305.191655 1.744348 0.125000 2.396814 
638.159196 322.619537 625.631965 321.772045 1.869299 0.125000 0.174044 
543.125629 361.826278 481.869699 361.035803 1.766032 0.125000 54.325204 
236.489736 155.600904 237.579986 138.169092 1.792097 0.125000 0.756209 
409.404500 331.068042 391.882221 330.427479 1.250000 0.062500 0.258002 
158.006425 268.133579 156.560464 248.147756 1.607545 0.125000 4.689494 
463.103043 331.333872 438.127005 330.560258 1.597694 0.125000 6.942493 
420.773111 199.905791 432.181240 196.722483 2.165902 0.125000 0.174044 
583.698290 186.879766 583.821527 204.378898 1.355603 0.125000 9.204944 
253.125000 321.875000 271.875000 321.875000 1.250000 0.125000 0.174044 
170.625000 359.375000 146.875000 359.375000 1.250000 0.125000 3.786404 
574.372208 51.844264 560.622127 53.093373 1.810319 0.125000 0.174044 
